berserker
20
15
120
25
17
20 
30
15
15
10
Duelist
25
10
110
25
20
25
30
15
15
10
Knight
30
10
130
25
15
20
30
15
15
10
Commando
23
30
110
25
15
20
30
15
15
10
Paladin
20
15
120
25
15
20
30
15
15
10
Thief
27
20
105
30
30
30
10
15
25
25
Ninja
35
12
80
30
28
28
10
15
30
20
Trickster
32
15
85
30
35
25
10
20
30
25
Rogue
37
10
80
30
28
27
10
17
30
20
Witch
10
30
80
20
20
15
10
40
15
5
Wizard
13
40
80
20
15
15
10
40
15
5
Conjurer
14
27
90
20
15
15
10
30
30
5
Druid
10
33
95
20
20
15
10
30
30
5
Alchemist
18
20
100
25
15
20
20
20
20
15
Ranger
35
10
100
25
23
35
25
20
20
20